x <- 100
y <- 50
x>y